-70 
75 
-95 
-20 
77 
39 
68 
37 
-28 
-25 
94 
-1 
-33 
5 
35 
2 
-39 
-93 
30 
83 
-53 
62 
54 
18 
-98 
93 
7 
27 
-80 
83 
58 
-40 
-80 
-87 
-49 
95 
-59 
-41 
74 
40 
-75 
60 
-100 
-86 
10 
69 
84 
-50 
-47 
-54 
-27 
-5 
-74 
-73 
90 
60 
82 
-78 
39 
-9 
-34 
-40 
-63 
-96 
69 
93 
17 
-26 
-20 
-37 
37 
-53 
-83 
42 
-32 
-87 
86 
10 
-52 
-93 
-45 
5 
52 
18 
-21 
-64 
54 
-14 
-55 
-53 
-55 
69 
1 
-97 
-20 
5 
23 
96 
55 
87 
